Стандартный расчет:
Mean: 152.7206871868289  
Var: 57672.84569843345 

map-reduse:
Mean: 152.72068718682874
Var: 57672.84569843354